K=5;  
t=1 ;  
y0=10 ; 
